| Température [C $\pm$ 2] | Tension [mv] $\pm$ 0.02 |
| ----------------------- | ----------------------- |
| 26                      | 0.0                     |
| 30                      | 0.3                     |
| 33                      | 0.3                     |
| 35                      | 0.6                     |
| 40                      | 1.2                     |
| 43                      | 1.4                     |
| 46                      | 1.6                     |
| 50                      | 1.8                     |
| 54                      | 1.9                     |
| 59                      | 1.9                     |
| 65                      | 2.0                     |
| 69                      | 1.9                     |